1.000000e+003 1.170815e+005 1.524526e+005 
9.090909e+002 1.084996e+005 1.443706e+005 
8.264463e+002 1.004380e+005 1.378069e+005 
7.513148e+002 9.284930e+004 1.313573e+005 
6.830135e+002 8.572032e+004 1.250369e+005 
6.209213e+002 7.903671e+004 1.188596e+005 
5.644739e+002 7.278289e+004 1.128379e+005 
5.131581e+002 6.694230e+004 1.069827e+005 
4.665074e+002 6.149764e+004 1.013034e+005 
4.240976e+002 5.643098e+004 9.580776e+004 
3.855433e+002 5.172403e+004 9.050216e+004 
3.504939e+002 4.735826e+004 8.539136e+004 
3.186308e+002 4.331510e+004 8.047867e+004 
2.896644e+002 3.957614e+004 7.576597e+004 
2.633313e+002 3.612322e+004 7.125386e+004 
2.393920e+002 3.293865e+004 6.694169e+004 
2.176291e+002 3.000530e+004 6.282775e+004 
1.978447e+002 2.730667e+004 5.890936e+004 
1.798588e+002 2.482699e+004 5.518308e+004 
1.635080e+002 2.255124e+004 5.164475e+004 
1.486436e+002 2.046516e+004 4.828971e+004 
1.351306e+002 1.855524e+004 4.511285e+004 
1.228460e+002 1.680873e+004 4.210873e+004 
1.116782e+002 1.521359e+004 3.927167e+004 
1.015256e+002 1.375845e+004 3.659578e+004 
9.229600e+001 1.243265e+004 3.407508e+004 
8.390545e+001 1.122613e+004 3.170349e+004 
7.627768e+001 1.012941e+004 2.947489e+004 
6.934335e+001 9.133631e+003 2.738316e+004 
6.303941e+001 8.230443e+003 2.542219e+004 
5.730855e+001 7.412041e+003 2.358590e+004 
5.209868e+001 6.671127e+003 2.186826e+004 
4.736244e+001 6.000905e+003 2.026331e+004 
4.305676e+001 5.395064e+003 1.876518e+004 
3.914251e+001 4.847769e+003 1.736811e+004 
3.558410e+001 4.353640e+003 1.606648e+004 
3.234918e+001 3.907737e+003 1.485482e+004 
2.940835e+001 3.505532e+003 1.372783e+004 
2.673486e+001 3.142885e+003 1.268042e+004 
2.430442e+001 2.816014e+003 1.170769e+004 
2.209493e+001 2.521470e+003 1.080494e+004 
2.008630e+001 2.256108e+003 9.967682e+003 
1.826027e+001 2.017071e+003 9.191646e+003 
1.660025e+001 1.801762e+003 8.472755e+003 
1.509113e+001 1.607830e+003 7.807137e+003 
1.371921e+001 1.433157e+003 7.191120e+003 
1.247201e+001 1.275835e+003 6.621229e+003 
1.133819e+001 1.134161e+003 6.094184e+003 
1.030745e+001 1.006611e+003 5.606901e+003 
9.370406e+000 8.918356e+002 5.156490e+003 
8.518551e+000 7.886341e+002 4.740250e+003 
7.744138e+000 6.959423e+002 4.355672e+003 
7.040125e+000 6.128126e+002 4.000431e+003 
6.400114e+000 5.383969e+002 3.672378e+003 
5.818285e+000 4.719296e+002 3.369533e+003 
5.289350e+000 4.127121e+002 3.090071e+003 
4.808500e+000 3.601007e+002 2.832310e+003 
4.371364e+000 3.134965e+002 2.594698e+003 
3.973967e+000 2.723396e+002 2.375796e+003 
3.612697e+000 2.361044e+002 2.174269e+003 
3.284270e+000 2.042986e+002 1.988871e+003 
2.985700e+000 1.764618e+002 1.818437e+003 
2.714273e+000 1.521663e+002 1.661878e+003 
2.467521e+000 1.310163e+002 1.518171e+003 
2.243201e+000 1.126479e+002 1.386359e+003 
2.039273e+000 9.672898e+001 1.265542e+003 
1.853885e+000 8.295771e+001 1.154878e+003 
1.685350e+000 7.106223e+001 1.053577e+003 
1.532136e+000 6.079936e+001 9.608990e+002 
1.392851e+000 5.195331e+001 8.761537e+002 
1.266228e+000 4.433419e+001 7.986968e+002 
1.151117e+000 3.777623e+001 7.279295e+002 
1.046470e+000 3.213568e+001 6.632959e+002 
9.513361e-001 2.728849e+001 6.042823e+002 
8.648510e-001 2.312790e+001 5.504147e+002 
7.862282e-001 1.956198e+001 5.012572e+002 
7.147529e-001 1.651141e+001 4.564093e+002 
6.497754e-001 1.390738e+001 4.155036e+002 
5.907049e-001 1.168996e+001 3.782032e+002 
5.370044e-001 9.806688e+000 3.441994e+002 
4.881859e-001 8.211523e+000 3.132092e+002 
4.438053e-001 6.864014e+000 2.849727e+002 
4.034594e-001 5.728664e+000 2.592519e+002 
3.667813e-001 4.774408e+000 2.358283e+002 
3.334375e-001 3.974172e+000 2.145016e+002 
3.031250e-001 3.304468e+000 1.950880e+002 
2.755682e-001 2.745027e+000 1.774193e+002 
2.505165e-001 2.278446e+000 1.613412e+002 
2.277423e-001 1.889858e+000 1.467126e+002 
2.070385e-001 1.566618e+000 1.334047e+002 
1.882168e-001 1.298015e+000 1.212995e+002 
1.711062e-001 1.075012e+000 1.102893e+002 
1.555511e-001 8.900066e-001 1.002759e+002 
1.414101e-001 7.366211e-001 9.116969e+001 
1.285546e-001 6.095191e-001 8.288891e+001 
1.168678e-001 5.042439e-001 7.535912e+001 
1.062435e-001 4.170797e-001 6.851249e+001 
9.658497e-002 3.449334e-001 6.228724e+001 
8.780452e-002 2.852330e-001 5.662714e+001 
7.982229e-002 2.358421e-001 5.148101e+001 
7.256572e-002 1.949877e-001 4.680227e+001 
6.596883e-002 1.611994e-001 4.254854e+001 
5.997167e-002 1.332586e-001 3.868125e+001 
5.451970e-002 1.101557e-001 3.516535e+001 
4.956336e-002 9.105460e-002 3.196893e+001 
4.505760e-002 7.526324e-002 2.906299e+001 
4.096145e-002 6.220888e-002 2.642114e+001 
3.723769e-002 5.141767e-002 2.401940e+001 
3.385244e-002 4.249761e-002 2.183596e+001 
3.077495e-002 3.512450e-002 1.985098e+001 
2.797722e-002 2.903022e-002 1.804642e+001 
2.543384e-002 2.399309e-002 1.640589e+001 
2.312167e-002 1.982980e-002 1.491449e+001 
2.101970e-002 1.638881e-002 1.355866e+001 
1.910882e-002 1.354485e-002 1.232608e+001 
1.737166e-002 1.119434e-002 1.120555e+001 
1.579241e-002 9.251696e-003 1.018688e+001 
1.435674e-002 7.646149e-003 9.260807e+000 
1.305158e-002 6.319213e-003 8.418923e+000 
1.186507e-002 5.222545e-003 7.653572e+000 
1.078643e-002 4.316191e-003 6.957798e+000 
9.805847e-003 3.567126e-003 6.325274e+000 
8.914406e-003 2.948056e-003 5.750252e+000 
8.104005e-003 2.436422e-003 5.227503e+000 
7.367278e-003 2.013580e-003 4.752277e+000 
6.697525e-003 1.664121e-003 4.320253e+000 
6.088659e-003 1.375311e-003 3.927504e+000 
5.535145e-003 1.136623e-003 3.570458e+000 
5.031950e-003 9.393597e-004 3.245872e+000 
4.574500e-003 7.763315e-004 2.950793e+000 
4.158636e-003 6.415971e-004 2.682539e+000 
3.780578e-003 5.302461e-004 2.438672e+000 
3.436889e-003 4.382203e-004 2.216975e+000 
3.124445e-003 3.621658e-004 2.015432e+000 
2.840404e-003 2.993108e-004 1.832211e+000 
2.582186e-003 2.473644e-004 1.665646e+000 
2.347442e-003 2.044335e-004 1.514224e+000 
2.134038e-003 1.689534e-004 1.376567e+000 
1.940034e-003 1.396309e-004 1.251425e+000 
1.763668e-003 1.153975e-004 1.137659e+000 
1.603334e-003 9.536983e-005 1.034235e+000 
1.457577e-003 7.881805e-005 9.402140e-001 
1.325070e-003 6.513890e-005 8.547400e-001 
1.204609e-003 5.383380e-005 7.770364e-001 
1.095099e-003 4.449075e-005 7.063967e-001 
9.955444e-004 3.676922e-005 6.421788e-001 
