3.000000e-011 8.623615e+007 
3.600000e-011 8.457670e+007 
4.320000e-011 8.266442e+007 
5.184000e-011 8.047750e+007 
6.220800e-011 7.799871e+007 
7.464960e-011 7.521818e+007 
8.957952e-011 7.213652e+007 
1.074954e-010 6.876799e+007 
1.289945e-010 6.514315e+007 
1.547934e-010 6.131024e+007 
1.857521e-010 5.733439e+007 
2.229025e-010 5.329390e+007 
2.674830e-010 4.927361e+007 
3.209796e-010 4.535580e+007 
3.851755e-010 4.161073e+007 
4.622106e-010 3.808928e+007 
5.546528e-010 3.481978e+007 
6.655833e-010 3.180906e+007 
7.987000e-010 2.904842e+007 
9.584400e-010 2.652793e+007 
1.150128e-009 2.422686e+007 
1.380154e-009 2.212590e+007 
1.656184e-009 2.020778e+007 
1.987421e-009 1.845660e+007 
2.384905e-009 1.685782e+007 
2.861886e-009 1.539811e+007 
3.434264e-009 1.406556e+007 
4.121117e-009 1.284904e+007 
4.945340e-009 1.173857e+007 
5.934408e-009 1.072503e+007 
7.121289e-009 9.800074e+006 
8.545547e-009 8.956094e+006 
1.025466e-008 8.186350e+006 
1.230559e-008 7.484459e+006 
1.476671e-008 6.844839e+006 
1.772005e-008 6.262347e+006 
2.126406e-008 5.732368e+006 
2.551687e-008 5.250790e+006 
3.062024e-008 4.813827e+006 
3.674429e-008 4.418159e+006 
4.409315e-008 4.060812e+006 
5.291178e-008 3.739078e+006 
6.349413e-008 3.450629e+006 
7.619296e-008 3.193290e+006 
9.143155e-008 2.965108e+006 
1.097179e-007 2.764231e+006 
1.316614e-007 2.588896e+006 
1.579937e-007 2.437276e+006 
1.895925e-007 2.307516e+006 
2.275110e-007 2.197561e+006 
2.730131e-007 2.105176e+006 
3.276158e-007 2.027927e+006 
3.931389e-007 1.963235e+006 
4.717667e-007 1.908488e+006 
5.661201e-007 1.861207e+006 
6.793441e-007 1.819214e+006 
8.152129e-007 1.780768e+006 
9.782555e-007 1.744615e+006 
1.173907e-006 1.709948e+006 
1.408688e-006 1.676304e+006 
1.690425e-006 1.643434e+006 
2.028511e-006 1.611200e+006 
2.434213e-006 1.579504e+006 
2.921055e-006 1.548257e+006 
3.505266e-006 1.517370e+006 
4.206319e-006 1.486749e+006 
5.047583e-006 1.456300e+006 
6.057100e-006 1.425924e+006 
7.268520e-006 1.395523e+006 
8.722224e-006 1.364999e+006 
1.046667e-005 1.334267e+006 
1.256000e-005 1.303257e+006 
1.507200e-005 1.271921e+006 
1.808640e-005 1.240233e+006 
2.170368e-005 1.208182e+006 
2.604442e-005 1.175768e+006 
3.125331e-005 1.142998e+006 
3.750397e-005 1.109884e+006 
4.500476e-005 1.076447e+006 
5.400571e-005 1.042717e+006 
6.480685e-005 1.008736e+006 
7.776822e-005 9.745433e+005 
9.332187e-005 9.320286e+005 
1.119862e-004 8.987148e+005 
1.343835e-004 8.650744e+005 
1.612602e-004 8.311098e+005 
1.935122e-004 7.968231e+005 
2.322147e-004 7.622395e+005 
2.786576e-004 7.274279e+005 
3.343891e-004 6.925125e+005 
4.012670e-004 6.576709e+005 
4.815203e-004 6.231188e+005 
5.778244e-004 5.890872e+005 
6.933893e-004 5.557971e+005 
8.320672e-004 5.234406e+005 
9.984806e-004 4.921696e+005 
1.198177e-003 4.620927e+005 
1.437812e-003 4.332766e+005 
1.725374e-003 4.057496e+005 
2.070449e-003 3.795077e+005 
2.484539e-003 3.545218e+005 
2.981447e-003 3.307468e+005 
3.577736e-003 3.081306e+005 
4.293284e-003 2.866211e+005 
5.151941e-003 2.661692e+005 
6.182329e-003 2.467287e+005 
7.418794e-003 2.282507e+005 
8.902553e-003 2.106761e+005 
1.068306e-002 1.939291e+005 
1.281968e-002 1.779218e+005 
1.538361e-002 1.625715e+005 
1.846033e-002 1.478248e+005 
2.215240e-002 1.336760e+005 
2.658288e-002 1.201684e+005 
3.189946e-002 1.073800e+005 
3.827935e-002 9.540034e+004 
4.593522e-002 8.430856e+004 
5.512226e-002 7.415834e+004 
6.614672e-002 6.497082e+004 
7.937606e-002 5.673395e+004 
9.525127e-002 4.940583e+004 
1.143015e-001 4.292065e+004 
1.371618e-001 3.719680e+004 
1.645942e-001 3.214681e+004 
1.975130e-001 2.768806e+004 
2.370156e-001 2.375114e+004 
2.844188e-001 2.028337e+004 
3.413025e-001 1.724664e+004 
4.095630e-001 1.461134e+004 
4.914756e-001 1.234984e+004 
5.897708e-001 1.043186e+004 
7.077249e-001 8.822792e+003 
8.492699e-001 7.484503e+003 
1.019124e+000 6.377843e+003 
1.222949e+000 5.465229e+003 
1.467538e+000 4.712184e+003 
1.761046e+000 4.087654e+003 
2.113255e+000 3.563969e+003 
2.535906e+000 3.117254e+003 
3.043088e+000 2.728215e+003 
3.651705e+000 2.382650e+003 
4.382046e+000 2.071241e+003 
5.258455e+000 1.788722e+003 
6.310146e+000 1.532767e+003 
7.572176e+000 1.302861e+003 
9.086611e+000 1.099248e+003 
1.090393e+001 9.220641e+002 
1.308472e+001 7.707154e+002 
1.570166e+001 6.435671e+002 
1.884200e+001 5.379796e+002 
2.261040e+001 4.506465e+002 
2.713247e+001 3.781189e+002 
3.255897e+001 3.173261e+002 
3.907076e+001 2.658992e+002 
4.688492e+001 2.222064e+002 
5.626190e+001 1.851621e+002 
6.751428e+001 1.539719e+002 
8.101714e+001 1.279394e+002 
9.722056e+001 1.063714e+002 
1.166647e+002 8.856018e+001 
1.399976e+002 7.381361e+001 
1.679971e+002 6.151006e+001 
2.015966e+002 5.114935e+001 
2.419159e+002 4.237512e+001 
2.902990e+002 3.495733e+001 
3.483589e+002 2.874565e+001 
4.180306e+002 2.361792e+001 
5.016367e+002 1.944396e+001 
6.019641e+002 1.607191e+001 
7.223569e+002 1.333450e+001 
8.668283e+002 1.106827e+001 
1.040194e+003 9.136397e+000 
1.248233e+003 7.444276e+000 
1.497879e+003 5.941286e+000 
1.797455e+003 4.610218e+000 
2.156946e+003 3.452204e+000 
2.588335e+003 2.474204e+000 
3.106003e+003 1.680978e+000 
3.727203e+003 1.070224e+000 
4.472644e+003 6.297371e-001 
5.367172e+003 3.368098e-001 
6.440607e+003 1.604976e-001 
7.728728e+003 6.652615e-002 
9.274474e+003 2.330570e-002 
1.112937e+004 6.666508e-003 
1.335524e+004 1.493981e-003 
1.602629e+004 2.496186e-004 
1.923155e+004 2.930151e-005 
2.307786e+004 2.250329e-006 
2.769343e+004 1.038117e-007 
3.323212e+004 2.596569e-009 
3.987854e+004 3.114170e-011 
4.785425e+004 1.545473e-013 
5.742510e+004 2.659282e-016 
6.891012e+004 1.283275e-019 
8.269214e+004 1.346443e-023 
9.923057e+004 2.263275e-028 
1.190767e+005 4.224974e-034 
1.428920e+005 5.642705e-041 
1.714704e+005 3.181155e-049 
2.057645e+005 4.019338e-059 
2.469174e+005 5.324145e-071 
2.963009e+005 2.971263e-085 
3.555611e+005 2.339475e-102 
4.266733e+005 6.992847e-123 
5.120079e+005 1.642097e-147 
6.144095e+005 4.574848e-177 
7.372914e+005 1.564654e-212 
8.847497e+005 4.318401e-255 
1.061700e+006 3.668176e-306 
1.274040e+006 0.000000e+000 
1.528848e+006 0.000000e+000 
1.834617e+006 0.000000e+000 
2.201540e+006 0.000000e+000 
2.641849e+006 0.000000e+000 
3.170218e+006 0.000000e+000 
3.804262e+006 0.000000e+000 
4.565114e+006 0.000000e+000 
5.478137e+006 0.000000e+000 
6.573764e+006 0.000000e+000 
7.888517e+006 0.000000e+000 
9.466221e+006 0.000000e+000 
1.135946e+007 0.000000e+000 
1.363136e+007 0.000000e+000 
1.635763e+007 0.000000e+000 
1.962916e+007 0.000000e+000 
2.355499e+007 0.000000e+000 
2.826598e+007 0.000000e+000 
3.391918e+007 0.000000e+000 
4.070302e+007 0.000000e+000 
4.884362e+007 0.000000e+000 
5.861234e+007 0.000000e+000 
7.033481e+007 0.000000e+000 
8.440178e+007 0.000000e+000 
1.012821e+008 0.000000e+000 
1.215386e+008 0.000000e+000 
1.458463e+008 0.000000e+000 
1.750155e+008 0.000000e+000 
2.100186e+008 0.000000e+000 
2.520224e+008 0.000000e+000 
3.024268e+008 0.000000e+000 
3.629122e+008 0.000000e+000 
4.354946e+008 0.000000e+000 
5.225935e+008 0.000000e+000 
6.271123e+008 0.000000e+000 
7.525347e+008 0.000000e+000 
9.030417e+008 0.000000e+000 
1.083650e+009 0.000000e+000 
1.300380e+009 0.000000e+000 
1.560456e+009 0.000000e+000 
1.872547e+009 0.000000e+000 
2.247057e+009 0.000000e+000 
2.696468e+009 0.000000e+000 
3.235762e+009 0.000000e+000 
3.882914e+009 0.000000e+000 
4.659497e+009 0.000000e+000 
5.591396e+009 0.000000e+000 
6.709675e+009 0.000000e+000 
8.051610e+009 0.000000e+000 
9.661932e+009 0.000000e+000 
1.159432e+010 0.000000e+000 
1.391318e+010 0.000000e+000 
1.669582e+010 0.000000e+000 
2.003498e+010 0.000000e+000 
2.404198e+010 0.000000e+000 
2.885037e+010 0.000000e+000 
3.462045e+010 0.000000e+000 
4.154454e+010 0.000000e+000 
4.985345e+010 0.000000e+000 
5.982414e+010 0.000000e+000 
7.178896e+010 0.000000e+000 
8.614676e+010 0.000000e+000 
1.033761e+011 0.000000e+000 
1.240513e+011 0.000000e+000 
1.488616e+011 0.000000e+000 
1.786339e+011 0.000000e+000 
2.143607e+011 0.000000e+000 
2.572328e+011 0.000000e+000 
3.086794e+011 0.000000e+000 
3.704153e+011 0.000000e+000 
4.444983e+011 0.000000e+000 
5.333980e+011 0.000000e+000 
6.400776e+011 0.000000e+000 
7.680931e+011 0.000000e+000 
9.217118e+011 0.000000e+000 
1.106054e+012 0.000000e+000 
1.327265e+012 0.000000e+000 
1.592718e+012 0.000000e+000 
1.911262e+012 0.000000e+000 
2.293514e+012 0.000000e+000 
2.752217e+012 0.000000e+000 
3.302660e+012 0.000000e+000 
3.963192e+012 0.000000e+000 
4.755830e+012 0.000000e+000 
5.706996e+012 0.000000e+000 
6.848396e+012 0.000000e+000 
8.218075e+012 0.000000e+000 
9.861690e+012 0.000000e+000 
1.183403e+013 0.000000e+000 
1.420083e+013 0.000000e+000 
