1.000000e+003 5.796556e+005 2.781325e+005 
9.090909e+002 5.619378e+005 2.742296e+005 
8.264463e+002 5.445629e+005 2.701593e+005 
7.513148e+002 5.275375e+005 2.659460e+005 
6.830135e+002 5.108639e+005 2.616120e+005 
6.209213e+002 4.945417e+005 2.571757e+005 
5.644739e+002 4.785693e+005 2.526521e+005 
5.131581e+002 4.629452e+005 2.480520e+005 
4.665074e+002 4.476697e+005 2.433837e+005 
4.240976e+002 4.324127e+005 2.365800e+005 
3.855433e+002 4.178910e+005 2.319680e+005 
3.504939e+002 4.037312e+005 2.273002e+005 
3.186308e+002 3.899434e+005 2.225920e+005 
2.896644e+002 3.765362e+005 2.178634e+005 
2.633313e+002 3.635149e+005 2.131388e+005 
2.393920e+002 3.508792e+005 2.084454e+005 
2.176291e+002 3.386222e+005 2.038118e+005 
1.978447e+002 3.267299e+005 1.992653e+005 
1.798588e+002 3.151815e+005 1.948300e+005 
1.635080e+002 3.039509e+005 1.905245e+005 
1.486436e+002 2.930080e+005 1.863609e+005 
1.351306e+002 2.823212e+005 1.823435e+005 
1.228460e+002 2.718590e+005 1.784693e+005 
1.116782e+002 2.615924e+005 1.747284e+005 
1.015256e+002 2.514962e+005 1.711047e+005 
9.229600e+001 2.415503e+005 1.675778e+005 
8.390545e+001 2.317402e+005 1.641239e+005 
7.627768e+001 2.220577e+005 1.607182e+005 
6.934335e+001 2.125000e+005 1.573353e+005 
6.303941e+001 2.030701e+005 1.539512e+005 
5.730855e+001 1.937755e+005 1.505439e+005 
5.209868e+001 1.846280e+005 1.470942e+005 
4.736244e+001 1.756425e+005 1.435865e+005 
4.305676e+001 1.668366e+005 1.400088e+005 
3.914251e+001 1.582297e+005 1.363535e+005 
3.558410e+001 1.498421e+005 1.326174e+005 
3.234918e+001 1.416942e+005 1.288018e+005 
2.940835e+001 1.338054e+005 1.249128e+005 
2.673486e+001 1.261933e+005 1.209602e+005 
2.430442e+001 1.188724e+005 1.169580e+005 
2.209493e+001 1.118539e+005 1.129227e+005 
2.008630e+001 1.051449e+005 1.088729e+005 
1.826027e+001 9.874779e+004 1.048278e+005 
1.660025e+001 9.266118e+004 1.008064e+005 
1.509113e+001 8.687965e+004 9.682649e+004 
1.371921e+001 8.139468e+004 9.290363e+004 
1.247201e+001 7.619534e+004 8.905097e+004 
1.133819e+001 7.126914e+004 8.527879e+004 
1.030745e+001 6.660284e+004 8.159453e+004 
9.370406e+000 6.218320e+004 7.800295e+004 
8.518551e+000 5.799758e+004 7.450650e+004 
7.744138e+000 5.403440e+004 7.110582e+004 
7.040125e+000 5.028339e+004 6.780026e+004 
6.400114e+000 4.673567e+004 6.458847e+004 
5.818285e+000 4.338363e+004 6.146887e+004 
5.289350e+000 4.022070e+004 5.844005e+004 
4.808500e+000 3.724101e+004 5.550101e+004 
4.371364e+000 3.443911e+004 5.265121e+004 
3.973967e+000 3.180965e+004 4.989053e+004 
3.612697e+000 2.934724e+004 4.721918e+004 
3.284270e+000 2.704635e+004 4.463756e+004 
2.985700e+000 2.490130e+004 4.214611e+004 
2.714273e+000 2.290625e+004 3.974528e+004 
2.467521e+000 2.105530e+004 3.743548e+004 
2.243201e+000 1.934242e+004 3.521708e+004 
2.039273e+000 1.776152e+004 3.309042e+004 
1.853885e+000 1.630637e+004 3.105580e+004 
1.685350e+000 1.497056e+004 2.911344e+004 
1.532136e+000 1.374750e+004 2.726343e+004 
1.392851e+000 1.263043e+004 2.550568e+004 
1.266228e+000 1.161238e+004 2.383980e+004 
1.151117e+000 1.068626e+004 2.226509e+004 
1.046470e+000 9.844918e+003 2.078042e+004 
9.513361e-001 9.081202e+003 1.938424e+004 
8.648510e-001 8.388057e+003 1.807454e+004 
7.862282e-001 7.758609e+003 1.684887e+004 
7.147529e-001 7.186252e+003 1.570430e+004 
6.497754e-001 6.664715e+003 1.463755e+004 
5.907049e-001 6.188136e+003 1.364496e+004 
5.370044e-001 5.751116e+003 1.272260e+004 
4.881859e-001 5.348758e+003 1.186630e+004 
4.438053e-001 4.976696e+003 1.107173e+004 
4.034594e-001 4.631116e+003 1.033451e+004 
3.667813e-001 4.308756e+003 9.650252e+003 
3.334375e-001 4.006894e+003 9.014628e+003 
3.031250e-001 3.723327e+003 8.423476e+003 
2.755682e-001 3.456335e+003 7.872847e+003 
2.505165e-001 3.204624e+003 7.359074e+003 
2.277423e-001 2.967267e+003 6.878822e+003 
2.070385e-001 2.743625e+003 6.429120e+003 
1.882168e-001 2.533268e+003 6.007382e+003 
1.711062e-001 2.335888e+003 5.611394e+003 
1.555511e-001 2.151224e+003 5.239296e+003 
1.414101e-001 1.979004e+003 4.889527e+003 
1.285546e-001 1.818897e+003 4.560778e+003 
1.168678e-001 1.670489e+003 4.251928e+003 
1.062435e-001 1.533281e+003 3.961987e+003 
9.658497e-002 1.406693e+003 3.690052e+003 
8.780452e-002 1.290086e+003 3.435264e+003 
7.982229e-002 1.182784e+003 3.196788e+003 
7.256572e-002 1.084099e+003 2.973791e+003 
6.596883e-002 9.933500e+002 2.765444e+003 
5.997167e-002 9.098871e+002 2.570917e+003 
5.451970e-002 8.331007e+002 2.389383e+003 
4.956336e-002 7.624328e+002 2.220033e+003 
4.505760e-002 6.973818e+002 2.062080e+003 
4.096145e-002 6.375025e+002 1.914768e+003 
3.723769e-002 5.824030e+002 1.777384e+003 
3.385244e-002 5.317385e+002 1.649262e+003 
3.077495e-002 4.852029e+002 1.529786e+003 
2.797722e-002 4.425193e+002 1.418396e+003 
2.543384e-002 4.034312e+002 1.314579e+003 
2.312167e-002 3.676946e+002 1.217868e+003 
2.101970e-002 3.350723e+002 1.127835e+003 
1.910882e-002 3.053310e+002 1.044084e+003 
1.737166e-002 2.782402e+002 9.662404e+002 
1.579241e-002 2.535738e+002 8.939504e+002 
1.435674e-002 2.311124e+002 8.268724e+002 
1.305158e-002 2.106467e+002 7.646755e+002 
1.186507e-002 1.919803e+002 7.070379e+002 
1.078643e-002 1.749327e+002 6.536467e+002 
9.805847e-003 1.593419e+002 6.041995e+002 
